20150416,20150407,20150302
